WindSpeed	Month	Temperature	Energy
5.8	1	-1.68	858390
0	1	-1.1	64357.5
2.4	1	3.88	705630
1.25	2	9.475	57100
0.8	2	13.84	337420
0	2	6.1	5120
0.8	3	11.32	16050
1	3	17.06	110740
0.8	3	12.08	247090
5.4	4	14.66	587370
0.8	4	18.08	12107.5
0.8	4	15.88	112290
2	5	21.94	173450
2.2	5	19.62	178190
1.2	5	21.72	209050
0.6	6	24.98	44810
1.2	6	27.16	108950
1.25	6	28.675	280700
1	7	22.54	278230
0.4	7	30.38	71300
2	7	35.08	161170
2.25	8	32.75	378100
0.8	8	32.32	87280
1	8	31.22	320
0.6	9	31.24	52310
1.4	9	25.92	117930
1	9	26.22	71300
0.2	10	18.84	4810
0	10	22.08	21760
0.4	10	19.08	73780
0.4	11	11.92	68610
3	11	12.56	532250
2.6	11	11.08	535310
2.2	12	9.14	551640
3	12	5.76	849240
0	12	12.68	276540
5.6	1	0.52	839870
0	1	2.92	51437.5
0	1	3.32	238290
0	2	8.8	5160
0	2	16.48	143930
0	2	5.68	1060
0.6	3	10.7	17130
2.6	3	13.04	606260
5.8	3	14.52	452550
2.8	4	13.64	505100
0.8	4	16.96	47965
1.4	4	16.48	126080
0	5	17.82	77400
0.2	5	16.4	91870
0.8	5	23.24	72470
1	6	26.32	44600
1.2	6	26.12	176160
1.4	6	28.8	254220
2	7	28.44	538820
2.6	7	27.88	380660
2.25	7	34.575	313830
1.2	8	31.56	139360
4.6	8	30.12	750560
1.2	8	32.96	70510
0.75	9	29.6	58680
0	9	24.4	231700
1	9	24.71428571	105310
0	10	19.05	52270
0.8	10	22.56	91010
0.8	10	18.52	46120
1.2	11	11.7	547340
0.4	11	11.18	31730
0.4	11	11.36	112000
3.2	12	13.98	790150
0	12	6.66	233460
2.4	12	8.32	220940
4.4	1	8.66	763640
0.8	1	1.9	14687.5
0	1	3.36	282040
3	2	8.28	372880
0.4	2	13.02	93380
0	2	7.4	3900
4	3	13.04	534280
0.8	3	12.88	234170
0.75	3	11.65	136460
3.4	4	9.68	552210
1	4	16.6	14950
1.2	4	14.24	65590
2.8	5	24.08	431300
1.4	5	14.16	248800
1	5	23.16	108210
0.833333333	6	27.81666667	60590
3	6	27.48333333	576610
1.8	6	23.04	204230
2.4	7	29.52	302730
2	7	30.68	326480
7.4	7	26.8	700210
1.8	8	30.28	269090
3.6	8	29.88	694130
0.8	8	34.1	56950
1	9	31.68	100200
2.6	9	28.68	498290
1.4	9	26.78	229850
0.8	10	19.5	10800
0.6	10	24.9	132390
1	10	18.56	80490
1.2	11	13.6	549450
0	11	12.84	128260
0.2	11	10.44	311990
2.8	12	14.56	540850
3	12	8.95	524830
0.8	12	10.74	144110
5.2	1	6.76	388140
0.4	1	2.8	53777.5
0.8	1	7.24	186080
0	2	5.54	113400
2.6	2	8.76	297260
0	2	8.34	19960
2.8	3	11.52	482860
1	3	11.5	256470
2.4	3	13.28	273720
2	4	11.82	301930
0.8	4	18.1	16100
1.4	4	14.4	45190
1.2	5	23.88	94270
4	5	16.3	841340
1.2	5	23.48	180630
1.6	6	26.84	372430
2.6	6	27	435830
1.6	6	25.22	117260
2.75	7	28.3	252070
3.2	7	31.12	807450
3.6	7	29.58	559810
1.4	8	31.28	294620
0.8	8	30.88	222740
1	8	34.32	73150
1	9	31.72	87530
0.4	9	28.24	79420
3.4	9	25.68	489000
0.2	10	21.14	13910
4.6	10	20.88	839790
1	10	21	167990
0.6	11	13.86	74970
3	11	12.24	443150
2	11	12.78	408000
0.4	12	10.98	16340
1.6	12	7.32	186350
2.4	12	9.28	541800
6.2	1	4.42	800850
0.6	1	6.76	15215
1.8	1	4	326450
0	2	9.05	177490
5.4	2	6.58	682100
0.2	2	12.88	20710
0.8	3	5.86	156260
1.8	3	13.66	380810
1.4	3	12.76	195410
0.6	4	8.52	108460
0.8	4	20.28	16587.5
1	4	15.04	58140
0.8	5	25.92	47490
3.6	5	20.08	619680
1	5	23.72	147060
2.5	6	25.18333333	491680
1.333333333	6	25.26666667	156770
1.2	6	26.66	50530
2.2	7	30.26	230070
2.4	7	29.24	389790
1.4	7	29.7	105090
1.5	8	32.55	234070
1.6	8	31.64	61290
1.2	8	34.52	58760
0.8	9	31.86	72970
2	9	26.84	123100
2.8	9	23.72	491270
0.2	10	21.82	45430
5.6	10	17.96	782470
0.4	10	21.48	67360
0.4	11	13.5	226640
0.6	11	15.1	38540
0.4	11	11.18	24670
1	12	10.7	136050
0.4	12	7.04	43690
5.4	12	6.94	830840
4	1	2.76	807440
0	1	9.78	39960
5.8	1	-1.72	254310
1.2	2	11.64	477960
3.2	2	8.26	572410
0.4	2	12.08	234670
6.4	3	6.06	705250
1.333333333	3	12.28333333	216480
0.2	3	11.32	43120
5.8	4	9.54	698460
0.333333333	4	16.26666667	13462.5
3.4	4	17.3	703290
1	5	27.04	67260
2	5	20.92	289200
3.6	5	22.08	571190
1.75	6	27.625	234930
2.8	6	24.38	601220
1.166666667	6	27	92870
0.8	7	31.26	191590
1.2	7	27.36	164620
0.8	7	31.12	43190
1.333333333	8	30.1	195210
1.6	8	31.84	136490
1	8	35.14	70720
1.2	9	30.26	240950
2	9	18.76	230550
2.6	9	24.7	271930
2.2	10	21.88	407990
1.2	10	17.96	221480
1.2	10	22.72	174710
2	11	13.44	250690
0.4	11	16.4	122360
1.2	11	13.22	123230
1.2	12	8.26	358730
0	12	7.88	193990
3.6	12	8.88	820560
5.5	1	0.825	832440
2.2	1	10.12	123045
8.5	1	-7.4	203280
6.2	2	8.88	807160
1	2	6.3	97200
0	2	10.16	110930
3	3	5.22	829620
2.4	3	15.3	352650
0.6	3	12.38	135230
2.6	4	8.62	544800
1	4	21.72	30500
4.4	4	12.96	724070
2	5	24.74	375610
1.6	5	18.98	110850
1.6	5	21.76	316470
1.8	6	25.58	110440
3.2	6	22.92	360530
1.5	6	28.25	91520
0.666666667	7	31.01666667	25630
3.8	7	29.56	813690
1.4	7	32.4	244850
2.2	8	32.72	243220
3.2	8	30.14	703350
1.4	8	34.42	56290
4.2	9	25.48	561780
0	9	18.16	94060
1.2	9	25.5	105950
0	10	18.55	29640
1	10	18	128370
6.8	10	9.56	706520
2.6	11	13.76	644190
0	11	18.64	279310
0.4	11	12.8	71550
2.6	12	7.86	830420
5.4	12	8.28	773430
1.6	12	10.08	700700
0.2	1	-0.74	158280
1.4	1	9	139202.5
7.4	1	-6.42	330370
3.6	2	5.7	668800
0.4	2	8.68	35500
4.2	2	10	845230
2	3	4.12	643840
0.6	3	13.78	134710
0.4	3	11.04	102350
3.8	4	10.82	768360
0.8	4	19.7	21235
4.4	4	16.24	758490
2.166666667	5	23.45	467740
0.6	5	19.1	41200
2.4	5	20.48	503650
1	6	22.58	32450
1.4	6	20.24	95290
2.2	6	22.44	367320
1.2	7	32.36	77410
3.6	7	28.24	417190
0.2	7	32.2	41720
1	8	30.05	52360
5	8	26.76	728590
1.4	8	34	257920
3.4	9	23.68	622620
0	9	23.12	43860
0.8	9	26.36	90720
0	10	17.46	61860
4.6	10	16.92	615270
3.6	10	16	611360
2.6	11	16.72	631350
1.4	11	20.56	458700
0.4	11	12.36	228150
2.75	12	9	456110
1.75	12	3.475	321340
0	12	6.72	17740
0.6	1	2.2	346920
0.2	1	7.64	12210
5.2	1	-4.46	595860
3.8	2	2.5	861120
0.8	2	8.36	71610
0.6	2	8.3	275900
1.6	3	6.92	414740
1.4	3	10.12	194760
2.4	3	12.24	601940
5.6	4	14.08	792680
0.4	4	17.5	1025
2.2	4	18.88	487380
2.4	5	20.68	149280
0.8	5	20.08	5050
3.2	5	16.98	660280
2.2	6	25.56	97430
1.2	6	22.48	117600
3.6	6	25.88	585230
1	7	31.88	183200
0.6	7	29.68	91240
1.2	7	34.08	72380
0.4	8	30.96	22100
2	8	26.3	360100
0.4	8	34.48	32260
0.6	9	21.4	47310
0.5	9	23	184760
0.8	9	20.36	59820
0.2	10	19.64	27480
1.2	10	17.62	185630
2.6	10	17.92	13450
2.2	11	19.44	602410
0	11	14.06	234260
0.8	11	12.52	114750
3.4	12	5.6	259160
1.666666667	12	7.883333333	787770
0.8	12	7.54	210820
1	1	6.06	534780
0	1	8.08	10917.5
4.2	1	-6.84	670620
7.2	2	3.18	802060
0.4	2	10.36	228870
0.2	2	6.98	30150
0.5	3	7.65	141610
1.2	3	9.7	175180
1.6	3	9.24	640590
1	4	16.46	252930
1.2	4	17.54	57532.5
1.2	4	17	115420
1.8	5	19.52	467410
1	5	21.86	51470
2.2	5	18.02	417960
2.2	6	23.18	412340
1.4	6	22.24	49420
1.6	6	26.8	210320
5.6	7	27.38	846920
3.2	7	31.96	414530
2.4	7	32.28	171790
1.4	8	32.08	60990
1.6	8	31	202000
1.6	8	33.52	70790
0.4	9	18.32	51200
1	9	23.84	152480
0.25	9	24.375	32990
0.2	10	16.44	330620
0	10	14.96	169190
0.6	10	18.26	52080
4	11	21.26	585650
0.2	11	11.66	145880
0.6	11	13.26	153260
4.8	12	7.18	836350
5.4	12	13	846800
2.833333333	12	4.933333333	391980
0	1	9.16	40950
0	1	7.125	8832.5
3	1	-5.35	657990
4.6	2	4.82	822930
0.5	2	11.975	197970
0.333333333	2	5.5	35310
2.2	3	6.6	341210
0.6	3	12.78	144050
5.2	3	11.16	825600
2	4	16.48	48080
4.6	4	18.46	181382.5
0.8	4	17.48	10
4.2	5	19.88	788390
2	5	20.5	124150
1.4	5	19.12	147790
2.75	6	26.6	385900
1.4	6	26.08	59860
2.6	6	21.42	508490
4	7	28.42	800960
1.4	7	29.56	101830
1.6	7	32.78	106250
0.8	8	31.98	38920
1.4	8	32.96	97610
1.4	9	26.46	274640
0.8	9	25.64	58310
2.2	9	25.68	258000
0.6	10	19.14	164690
0	10	15.5	76790
0.25	10	17.45	11150
3.8	11	22.58	622990
0	11	15.12	39300
0	11	13.16	21290
3.4	12	7.16	803040
0	12	7.475	381590
0.4	12	5.14	71200
5.6	1	7.24	612960
0.8	1	10.06	85062.5
0.8	1	-2.86	594140
3.666666667	2	3.583333333	862130
1.2	2	12.48	62150
0	2	4.44	48200
3.8	3	9.58	830480
0.2	3	11.18	164470
5.6	3	10.92	810120
1.4	4	20.82	401660
4	4	22.68	104700
3	4	20.68	418210
2	5	22.42	386000
1	5	19.72	121320
1	5	20.86	123960
0.6	6	29.74	55930
1	6	26.08	6780
1	6	27.82	175180
3	7	30.7	312840
1.6	7	29.92	96000
1.2	7	34.68	84520
1	8	32.7	172670
5.6	8	24.66	828260
2	8	32.3	283820
3.4	9	25.42	826770
0.4	9	25.6	37140
0.4	9	27.42	71770
2.4	10	20.88	450330
0.6	10	17.88	328420
0.4	10	19.22	100
1.8	11	21.06	323100
1.8	11	14.04	303810
0.8	11	15.16	73700
3.2	12	8.14	807680
5.4	12	11.94	857680
0	12	7.66	6880
2.8	1	7.92	646970
1.2	1	7.36	126095
0.4	1	0.84	90030
2	2	6.7	491810
0.4	2	11.48	82710
0	2	3.72	6960
3.2	3	9.84	560700
0.8	3	9.9	265330
5	3	11.24	815850
2.8	4	21.52	469410
1.4	4	21.1	12385
0.666666667	4	17.26666667	35790
1.2	5	23.54	98620
0.2	5	23.6	123820
0	5	25.52	105450
1.8	6	29.68	74090
0.4	6	21.8	59950
1.6	6	29.34	338720
1.6	7	29.54	88890
1.6	7	30.2	96490
2.8	7	34.96	338940
0.5	8	32.25	173840
3.2	8	25.64	610890
6.8	8	25.46	741230
1	9	24.92	303050
0.4	9	25.68	95370
1	9	27.36	348340
2.6	10	18.82	433890
2.8	10	16.38	618420
2.8	10	21.76	726480
1.2	11	18.4	354230
3.666666667	11	12.66666667	637730
0.2	11	15.08	119140
0	12	7.65	224290
4.75	12	6.4	839110
0	12	7.24	10990
0	1	6.2	86500
0.4	1	10.28	85260
0.4	1	5.76	201520
0.4	2	6.28	36540
1	2	13.24	116180
4.4	2	5.82	707950
4.2	3	11.5	799160
1.4	3	10.3	736490
3.6	3	13.48	758640
4	4	18.98	753920
0.6	4	21.08	33490
0.8	4	21.8	271740
1	5	23.5	65920
1.4	5	23.08	291840
2.8	5	27.36	632260
1.4	6	30.6	72370
0.4	6	24.88	103060
2.4	6	29.12	506090
3	7	29.875	564560
1.2	7	31.84	61250
2.6	7	30.76	388350
1.4	8	30.12	54540
1.2	8	26.52	134550
5	8	27.46	787070
1	9	24.6	59310
0.4	9	24.96	74420
1	9	27.76	301920
0.75	10	17.625	73160
0.4	10	18	207800
4	10	22.24	830660
0.5	11	15.9	326480
4.4	11	12.78	863240
0	11	15.225	67000
2.2	12	8.64	652170
0	12	1.62	245230
0	12	9.2	111580
3.6	1	11.02	813180
0	1	8.06	55782.5
3.4	1	5.88	650370
0.75	2	6.325	33910
0.4	2	16.28	160370
6.2	2	10.7	692070
1.75	3	10.6	338510
0.8	3	5.86	75340
3.5	3	13.9	685080
2.6	4	18.68	462640
3.4	4	21.44	131352.5
1.8	4	21.76	225920
1	5	24.5	101000
0	5	21.96	49360
2.2	5	25.54	378810
0.8	6	31.68	15630
0.2	6	27.64	200100
4.2	6	27.8	617760
3	7	31.44	525940
2.6	7	31.46	327080
1	7	27.38	44430
0.8	8	31.88	66650
1	8	28.6	121490
4	8	30.24	530380
0.333333333	9	23.9	50870
1.2	9	27.18	265260
0.4	9	27.6	47430
0	10	18.2	96310
0.2	10	16.14	80650
2	10	21.12	586620
1.8	11	14.8	359810
5	11	5.6	846040
1.4	11	11.9	284130
0	12	6.08	8250
4.6	12	5.84	828990
0.6	12	8.12	128470
1	1	7.22	153860
4.2	1	4.66	117365
0.4	1	1.08	22990
0.4	2	5.96	41020
0.2	2	14.36	33230
0.4	2	8.94	211380
0.8	3	10.54	50450
0.5	3	6.4	10990
4.4	3	12.74	756170
1	4	18.18	116700
1	4	21.46	27107.5
1.4	4	18.2	100410
0.8	5	24.84	64030
3.6	5	19.04	496830
0.4	5	18.9	76080
4.2	6	29.78	516170
0.8	6	30.18	192990
0.6	6	25.98	79270
1.6	7	33.28	276860
3.6	7	28.36	612770
2	7	17.64	365240
2.4	8	31.48	127690
0.6	8	29.48	1990
2.2	8	29.72	355990
0	9	26.04	35080
0.8	9	25.94	46400
0.6	9	28.14	26840
0	10	16.44	68580
0.2	10	17.52	191910
1.4	10	23.72	406290
2.2	11	16.72	676950
1.5	11	5.8	323290
0.2	11	12.06	107590
2	12	6.9	423970
2	12	5.66	473390
0.2	12	11.22	217130
1	1	7.02	47950
7	1	3.62	203012.5
1.6	1	2.42	115800
0.6	2	2.54	109800
0.4	2	15.24	55920
0.4	2	7.54	12860
1.4	3	11.74	72010
0	3	9.5	28430
3.2	3	14.48	624230
2	4	19.85	73620
0.2	4	22.94	18510
4.5	4	13.475	851160
1.6	5	26.44	131750
3.8	5	19.08	792310
1	5	21.2	146510
2	6	26.08	535450
1	6	30.84	49550
1.8	6	22.54	507990
0.6	7	31.48	70150
5.8	7	27.28	856180
2.4	7	20.32	615480
0.6	8	30.12	294100
1.4	8	28.96	124070
2.25	8	30.875	324870
0.5	9	27.25	7020
1	9	26	52480
0.6	9	28.98	79170
0.2	10	18.04	29890
1.2	10	15.66	385680
0	10	20.48	2090
0	11	17.24	296640
0	11	8.14	10090
0	11	11.36	56670
2	12	7.16	573710
3.2	12	3.72	791290
5.8	12	7.42	782150
0	1	4.84	35390
4	1	0.9	197652.5
2.4	1	1.9	213030
2.6	2	3.64	850190
0	2	14.28	26370
0.8	2	8.52	63160
0.2	3	4.88	98370
1	3	10.52	63930
1	3	13.04	85180
1	4	20.7	209530
1	4	23.94	21145
2.8	4	16.14	580380
1.2	5	27.36	38470
2.4	5	21.36	337810
1	5	23.18	138790
4.2	6	21.12	733930
1.2	6	32.12	76340
4.8	6	21.52	780880
1	7	31.9	57830
7.6	7	26.42	808410
1	7	27.36	293220
2.5	8	31.2	438130
0.8	8	30.16	143240
0.833333333	8	32.23333333	205120
0.2	9	29.5	33740
0.6	9	27.5	69670
0.4	9	29.94	84410
0	10	19.54	24750
0.6	10	13.16	88700
0.6	10	20.88	25500
0	11	14.575	186730
0	11	8.76	24170
1.2	11	12.26	363870
1.8	12	4.52	796420
0	12	3.36	241880
3.8	12	4.84	842590
0	1	9.3	56060
4	1	0.46	126605
0.8	1	1.48	304790
3.8	2	6.84	861960
0	2	15.92	66410
0.6	2	8.12	235140
0.2	3	6.42	194540
5.166666667	3	14.91666667	678650
1.8	3	17.48	344190
4.2	4	12.66	659000
1.2	4	24.32	30132.5
1.6	4	11.08	417490
1.2	5	26.4	24220
1.6	5	19.98	138120
0.8	5	22	95970
3	6	25.54	401010
0.4	6	28	167540
3.6	6	26.44	474300
1	7	33.38	33460
3.6	7	29.06	726800
0.5	7	28.675	49820
1.6	8	31.16	288460
0	8	27.4	45070
0.8	8	32.12	67020
0.8	9	28.6	72510
0.8	9	21.16	62780
0.4	9	28.84	233360
1	10	20.425	168970
0	10	12	75420
0.2	10	20.58	36380
2	11	17.16	457890
0.4	11	9.2	23430
3.2	11	12.32	677410
0	12	8.68	506950
0.6	12	2.2	162040
4.8	12	4.48	832000
0	1	10.52	41500
0.8	1	-0.16	11472.5
2.166666667	1	3.366666667	538480
3.2	2	10.96	555460
1	2	12.3	267550
5.6	2	9.04	817610
3.4	3	8.84	792430
2.4	3	15.64	335830
1	3	19.36	184990
3.4	4	16.2	537440
8.6	4	18.4	172720
5.4	4	11.96	794400
1.2	5	26.2	271820
1.2	5	18.6	164750
0.8	5	22.6	39220
1.6	6	24.68	360410
0.666666667	6	33.2	25590
2.4	6	28.92	286360
1.4	7	32.42	48710
2.4	7	28.38	534170
0.8	7	28.72	42340
0.8	8	27.8	175120
1.4	8	30.02	130740
1.8	8	30.68	95630
1.75	9	27.9	124810
3.2	9	22.52	643490
2.4	9	25.96	379870
0.6	10	20.02	129210
0	10	13.64	32130
0	10	20.2	45880
0	11	10.45	2520
0	11	9.24	3280
5.8	11	8.72	742350
0.4	12	8.24	301110
1.6	12	5.3	784990
3.8	12	3.4	833310
0.2	1	12.5	84290
2	1	2.8	154225
2.8	1	1.22	800820
1.2	2	8.16	247180
2	2	8.6	723710
2	2	10.14	495820
2	3	12.64	464500
0.4	3	14.48	28660
1.8	3	17.96	111250
4.2	4	17.84	676900
0.8	4	18.52	96790
6.2	4	10.84	847010
1.2	5	26.44	93510
0.6	5	15.36	230340
2.4	5	20.96	338470
4.2	6	20.16	521920
1	6	33.84	41730
1	6	30.24	114540
2.2	7	35.12	288260
3	7	30.06	429060
0	7	30.76	47380
2.4	8	27.42	405490
0.8	8	31.74	57110
4.6	8	25.08	794820
2.6	9	22.2	573310
1.8	9	21.5	498260
4.8	9	21.32	738950
6.2	10	14.4	850810
0.2	10	13.64	70440
0.4	10	21.48	209760
0	11	11.16	122660
0.2	11	9.06	34910
1	11	8.26	202460
0.4	12	7.24	427660
0.833333333	12	4.35	381550
5.6	12	2.36	860710
0	1	11.68	180590
4.6	1	2.5	211487.5
2.4	1	1.96	348280
0.4	2	7.68	174380
0.5	2	15.85	211070
2	2	14.9	425050
1	3	10.36	99500
1	3	15.48	133660
1.4	3	18.14	137420
3.8	4	19.68	642680
1	4	17.22	34345
3.8	4	11.8	721530
0	5	22.44	41320
0.4	5	20.26	197170
2.8	5	21.84	538030
3	6	24.32	441630
1	6	34.2	16870
1.8	6	31.48	198100
1.2	7	33.08	99710
1.2	7	31.28	85540
1	7	30.7	72140
2	8	21	444780
1.2	8	29.26	282410
5.2	8	25.2	778960
1.4	9	18.5	447900
4	9	18.88	782330
3.5	9	21.025	575310
3	10	9.26	806420
0.2	10	15.5	34700
1.5	10	21.53333333	387310
1.75	11	17.7	524850
0.2	11	11	7750
0	11	9.4	491000
4.8	12	10.28	835930
1.4	12	4.78	777140
5.4	12	1.98	862660
2.6	1	13.56	535280
3.75	1	0.25	152962.5
0.5	1	1.875	9860
0	2	10.8	19250
0.4	2	14.74	30660
0.2	2	14.14	33710
0	3	10.44	21920
0.8	3	14.16	377910
1	3	17.74	108470
2.4	4	15.84	193650
1	4	18.88	15920
4.2	4	17.56	713980
0.8	5	26.24	70070
1.6	5	22.8	110620
1.4	5	23.46	254200
1.4	6	25.94	57930
1	6	33.66	75850
0.2	6	32.9	74900
0.8	7	32.32	71340
0.8	7	32.04	28810
1.2	7	30.46	76820
1.2	8	26.12	349300
4.8	8	21.82	862280
3.4	8	26.26	522780
0.6	9	24.36	155880
2.8	9	20	474400
3	9	21.54	344820
4.8	10	13.18	841640
0.4	10	18.5	18720
0.2	10	15.82	289820
1	11	16.82	114220
0	11	10.92	840
0.4	11	11.58	397680
1	12	10	418810
2.5	12	8.775	825580
3.4	12	8.04	784060
0.6	1	10.64	50050
1.8	1	-0.34	190507.5
1.4	1	2.38	254410
1	2	13.06	113250
2	2	12.52	339020
0	2	12.84	56260
1	3	9.44	94450
5.5	3	10.48333333	649320
1	3	18.12	48190
1.6	4	16.22	86340
1.2	4	18.44	22922.5
2.8	4	16.74	470890
1.8	5	26.6	275150
1.4	5	22	236040
0.4	5	19.36	11280
1	6	26.55	105920
0.6	6	31.9	28630
3.2	6	33.16	509270
1.2	7	30.94	122340
0.8	7	33.02	142530
1.6	7	31.08	165380
0.6	8	28.14	45060
5.6	8	27.2	848520
2.4	8	27.8	375670
1	9	23.6	80420
0.6	9	19.5	22270
1	9	21.9	135300
4.6	10	14.28	825990
0.2	10	18.94	43930
6.2	10	11.62	860880
2	11	15.54	33410
0.4	11	9.68	105690
0.4	11	10.7	180680
0.6	12	9.56	380520
5	12	5.6	787530
6.6	12	12.7	650580
4.2	1	7.72	531830
3	1	5.74	144500
8.4	1	0.52	834230
0	2	9.72	139660
2.6	2	13.48	456400
3.6	2	10.68	419470
0.4	3	9.44	84150
4.2	3	11.66	802080
1.2	3	20.16	92610
0.8	4	18.68	141230
1.8	4	17.16	106607.5
2.2	4	16.72	248530
1.2	5	23.04	453070
2.2	5	21.82	619390
1.4	5	20.16	353590
6.2	6	23.76	841280
0.4	6	31.92	106770
1.4	6	33.2	272980
0.8	7	30.36	51750
1.6	7	30.32	102930
1.4	7	31.74	163690
2	8	28.1	70700
1.4	8	27.64	293740
0.6	8	27.46	36920
0.8	9	20.7	32080
2.2	9	19.84	542210
0.8	9	21.24	142430
0.4	10	14.24	344510
0	10	18.3	38850
4.2	10	16.16	861150
0	11	12.3	23910
1.4	11	6.8	148240
0.2	11	9.64	0
4.4	12	11.36	835310
4	12	8.44	781020
0	12	11.16	220360
4	1	5.12	852930
3.2	1	8.34	139040
6.6	1	0.2	855160
0.4	2	11.06	62940
1.4	2	14.16	133730
0	2	8.66	161990
0	3	10.2	39090
0.8	3	11.58	285560
2	3	16.24	386180
1.6	4	18.26	106970
5.8	4	13.2	119270
1.6	4	19.86	179890
1.6	5	24.96	263220
3.4	5	24.12	796110
2.333333333	5	15.3	520890
5.4	6	23.56	811540
0.8	6	30.52	45440
0.8	6	31.54	62720
1.333333333	7	33	379580
3.6	7	26.92	477310
1.333333333	7	30.03333333	319740
1	8	28.56	41180
0.6	8	27.92	32320
2.4	8	28.1	30680
2.4	9	17.96	652770
0.6	9	20.76	336420
2.6	9	18.76	625320
1.2	10	14.12	667400
0	10	16.44	301490
2.8	10	16.44	731860
1.8	11	11.92	183210
0	11	7.82	43310
0	11	9.32	71580
2	12	11.04	506910
3.8	12	11.52	801370
0	12	4	40180
3	1	5	480000
0	1	9.36	1467.5
2.4	1	0.64	774510
0.2	2	10.44	162370
0.6	2	14.72	39680
0.8	2	14.06	32350
0	3	11.88	38260
2.8	3	10.4	227710
0.8	3	10.2	279440
1	4	19.22	113170
1.2	4	16.8	20280
0.8	4	20.76	113060
3.8	5	23.72	710900
3.6	5	27.24	569140
2.6	5	21.14	471560
2.2	6	24.04	667420
2	6	32.62	341570
1.6	6	31.98	273850
1.4	7	33.02	314280
0	7	28.84	133140
4.2	7	28.56	696260
0.4	8	29.04	38560
0.5	8	26.93333333	28060
1.4	8	29.56	58230
4.4	9	18.68	861880
0.6	9	20.52	69660
2	9	20.88	221620
0	10	14.52	97690
0.6	10	17.12	371670
0.6	10	16.64	158950
2.2	11	6.72	319710
0	11	10.86	2170
6.8	11	5.4	569820
0	12	9.84	471570
4.2	12	10.86	725120
0	12	7.725	81120
3.8	1	6.52	763400
0.5	1	9.35	92387.5
0.6	1	5.08	169220
1.6	2	14.5	428000
0.4	2	12.4	170810
1	2	11.76	33086.6667
3.6	3	11.48	590760
0.666666667	3	9.733333333	59200
1	3	13.4	77780
0.8	4	19.84	63450
0.6	4	19.2	19462.5
0.8	4	22.12	124430
5.4	5	17.68	858210
1	5	26.16	83800
2	5	20.94	409420
2.5	6	26.6	392910
4.4	6	27.9	771300
1.6	6	31.94	115340
0.5	7	33.6	228810
0.5	7	30.95	98420
4	7	28.7	642470
0.8	8	29.36	46320
0.4	8	28.74	110840
2	8	31.96	318020
6.2	9	19.02	863190
0.4	9	20.52	38810
0.8	9	18.48	28430
0	10	14.58	59580
1	10	11.01666667	232500
6	10	13.92	742450
3.75	11	8.3	751510
4.6	11	9.56	588810
5.6	11	5.56	818180
1	12	10.12	668290
5.8	12	6.32	824500
1.2	12	10.3	337530
0.4	1	7.46	96440
1.6	1	12.3	188977.5
0	1	2.38	6720
1.2	2	13.44	516330
5	3	13.58	829840
0.2	3	13.5	34190
0.2	3	17.74	184960
5	4	19.72	675050
0	4	14.22	5502.5
0	4	19.8	11940
5	5	20.82	764970
1.2	5	25.5	65690
2.6	5	22.66	195680
3	6	26.88	467500
3.2	6	28.92	747530
2	6	32.84	250620
1.6	7	34.08	113190
2.4	7	31.52	295840
2.4	7	32.12	222350
0	8	30.36	36000
2.4	8	30.34	242300
3.4	8	23.2	582490
5.4	9	18.46	856680
1.2	9	21.44	404570
0.6	9	16.76	136320
0.6	10	14.06	37610
3	10	11.88	827700
1.4	10	14.1	0
4.8	11	9.54	826010
5.2	11	3.12	853450
0	11	4.64	74670
4	12	13	852340
5.2	12	4.9	825430
0	12	8.74	172880
1.2	1	8.76	490910
2	1	14.6	104875
0	1	3.32	7010
0.8	3	13.68	96810
0.4	3	18.16	86010
2.6	3	21.4	548750
2	4	20.1	384880
1.2	4	20.42	79525
2.4	4	15.88	565600
1.6	5	24.2	322220
0.6	5	26.42	48850
0.8	5	24.16	66800
1.6	6	22.7	438530
1.4	6	30.56	311920
0.8	6	36.12	54850
1	7	34.56	62010
2.8	7	32.62	605660
0.666666667	7	29.9	142820
0.6	8	31.42	18620
2	8	31.56	522050
1	8	24.84	77480
1.666666667	9	17.6	404130
0	9	22	85020
0.4	9	18.04	115200
0	10	12.92	190
5.6	10	15.6	839088
4.2	10	14.2	735150
2.2	11	9.88	494670
3.8	11	3	861260
0	11	6.78	172200
2.6	12	7	541530
4.8	12	3	804820
5.6	12	7.54	835480
0	1	8.54	151130
0.2	1	11.2	4135
0.4	1	3.48	18090
3	3	18.625	461510
0.666666667	3	17.4	76692.5
1.8	3	17.1	80610
1.2	5	24.58	86450
3.6	5	28.14	527960
1.2	5	27.62	84750
1.6	7	32.72	410640
1.2	7	32.36	262410
1.6	7	30.72	77170
0.4	8	31.5	3100
3.4	8	30.52	444540
1	8	25.2	95940
0	10	12.2	14230
3.2	10	12.72	831650
4.2	10	12	842050
2.8	12	0.54	632040
5.2	12	2.94	805790
1.8	12	7.72	521650